../../../../.git/annex/objects/G6/KZ/SHA256E-s2861--785462d23242777c6162dd3db908220b975a08c2c494982cb3a8c7ea4f20ad1a.tsv/SHA256E-s2861--785462d23242777c6162dd3db908220b975a08c2c494982cb3a8c7ea4f20ad1a.tsv