../../../../.git/annex/objects/46/zv/SHA256E-s3833--39756e3005f45858921184f44c60e4b18ed02e0c74a74d492474dffc9bcc8302.tsv/SHA256E-s3833--39756e3005f45858921184f44c60e4b18ed02e0c74a74d492474dffc9bcc8302.tsv